"year","month","dayofmonth","n1"
1998,1,10,882
1998,8,12,1024
1999,6,25,1050
1999,9,20,1085
1999,12,31,771
2000,1,3,1158
2000,5,15,1136
2000,8,9,1196
2002,6,30,1042
2002,12,28,905
2004,8,14,1234
2005,1,15,1078
2005,12,1,1249
2005,12,25,1107
2006,2,3,1206
2006,8,23,1334
2007,1,18,1278
2007,1,19,1259
2007,9,22,1147
1998,1,18,922
1998,6,26,1040
1999,4,20,1013
1999,8,16,1066
1999,10,29,1107
1999,11,22,1136
2000,1,2,1107
2001,2,4,1257
2001,4,26,1308
2002,6,1,908
2002,6,19,1052
2003,1,19,1187
2004,8,3,1318
2004,8,28,1235
2005,1,23,1167
2005,9,8,1290
2006,4,12,1271
2006,9,15,1317
2006,11,8,1297
2007,1,10,1268
2007,1,12,1266
2007,3,3,1142
2007,3,26,1298
2007,6,22,1327
2008,5,16,1274
2008,8,3,1279
2008,10,31,1071
1998,10,10,925
1999,2,14,918
1999,2,25,1004
1999,5,25,1017
1999,6,24,1043
2001,4,2,1303
2001,9,29,962
2002,1,29,939
2002,6,11,1034
2002,6,22,959
2003,7,29,1260
2003,12,5,1217
2004,10,12,1293
2005,8,30,1267
2006,2,2,1249
2006,11,22,1312
2007,7,29,1331
2007,12,14,1336
2008,4,17,1231
2008,7,9,1134
2008,8,23,1040
2008,10,5,1101
2008,10,11,907
1998,5,9,901
1999,6,9,1023
1999,7,3,917
2001,1,14,1267
2001,3,17,1150
2001,11,15,962
2002,1,20,908
2002,2,19,984
2002,8,23,1068
2003,11,7,1256
2005,3,28,1274
2006,8,4,1351
2006,8,25,1332
2007,3,2,1303
2007,5,10,1286
2007,10,12,1344
2008,7,25,1314
2008,8,25,1262
1998,1,15,954
1998,2,18,980
1999,7,25,1016
1999,7,24,927
2001,4,11,1241
2001,11,2,970
2002,4,12,1019
2002,4,19,1020
2002,8,12,1059
2002,11,12,987
2003,3,26,1258
2003,7,17,1269
2004,2,2,1233
2004,8,10,1327
2005,4,27,1259
2005,6,24,1310
2006,11,10,1305
2007,1,22,1278
2007,2,18,1269
2008,5,15,1267
2008,6,18,1299
2008,11,20,1076
2008,12,12,1063
1998,1,3,929
1999,4,14,1008
1999,6,22,1045
2000,3,31,1150
2000,5,16,1120
2000,11,23,887
2001,2,24,1120
2001,8,9,1351
2002,3,3,965
2002,3,29,993
2004,8,15,1310
2004,10,24,1266
2005,1,3,1290
2005,2,26,1133
2005,5,16,1285
2005,7,16,1230
2007,4,21,1149
2007,9,16,1298
2007,11,11,1277
2008,8,21,1258
2008,9,30,1064
1998,1,28,975
1998,5,30,906
1998,9,12,877
2000,1,26,1087
2000,4,24,1142
2001,9,20,1055
2001,10,28,1000
2002,4,23,1013
2003,10,25,1026
2004,9,23,1297
2005,6,5,1277
2006,6,28,1332
2007,7,13,1382
2007,10,25,1349
2008,2,15,1253
1999,10,9,965
1999,12,15,1137
2000,1,14,1137
2000,8,12,1071
2000,12,13,1080
2001,1,2,1300
2001,1,19,1314
2001,2,22,1307
2001,7,3,1334
2001,8,20,1353
2001,8,11,1239
2001,12,9,912
2002,10,3,1017
2003,5,12,1216
2003,6,30,1264
2004,1,12,1239
2004,4,25,1251
2004,9,15,1255
2004,11,26,1111
2005,4,1,1284
2005,12,5,1250
2006,5,22,1303
2006,7,11,1333
2006,9,29,1310
1998,8,4,1016
1999,9,14,1066
2001,1,6,1137
2001,4,27,1320
2001,11,25,961
2003,6,15,1227
2003,11,5,1240
2006,3,9,1271
2006,8,14,1358
2008,9,16,1062
1998,7,22,1007
1999,5,12,1003
2000,2,6,1065
2000,10,21,1024
2001,5,14,1324
2001,12,19,939
2001,12,21,973
2002,2,14,991
2002,4,2,989
2002,7,14,1031
2002,10,22,1003
2002,10,24,1007
2003,1,22,1243
2004,3,11,1281
2004,8,24,1324
2004,9,5,1086
2005,9,17,1129
2006,5,14,1278
2007,3,18,1284
2007,11,9,1360
2007,11,22,1037
2007,12,24,1159
2008,7,17,1310
2008,9,15,1108
2008,10,8,1102
1998,1,31,885
1998,5,26,1006
1998,8,1,945
1998,11,3,988
1998,12,13,965
1999,3,3,1003
2000,5,1,1146
2001,11,3,857
2002,4,9,1012
2002,10,15,1007
2003,2,8,1053
2003,2,10,1253
2003,2,19,1250
2003,6,9,1238
2003,8,9,1151
2003,8,15,1240
2004,9,17,1298
2004,10,7,1285
2005,5,9,1275
2005,10,7,1270
2006,1,18,1213
2006,4,29,1128
2006,12,24,1168
2007,8,26,1341
2007,12,5,1272
2007,12,23,1311
2008,11,28,876
2008,12,21,1023
1998,4,7,982
1998,6,9,1011
1998,7,28,1018
1999,3,29,1020
2000,2,22,1082
2001,3,21,1289
2002,7,8,1056
2005,9,16,1299
2005,11,17,1278
2006,1,2,1255
2007,5,18,1295
2007,6,15,1323
2008,8,27,1224
1998,7,13,1032
1998,11,8,998
1999,10,28,1108
2000,3,1,1127
2000,4,16,1079
2000,5,9,1103
2000,8,10,1197
2000,10,16,1178
2001,3,3,1157
2001,8,17,1340
2002,4,24,1011
2003,7,10,1261
2004,7,31,1236
2005,7,19,1286
2006,7,28,1350
2006,12,8,1301
2007,2,2,1285
2007,3,10,1158
2007,6,30,1206
2007,11,3,1117
2000,9,11,1156
2002,5,1,1010
2003,5,19,1216
2003,6,18,1256
2003,10,1,1230
2003,10,17,1248
2005,8,24,1293
2006,8,27,1309
2006,9,5,1327
2006,9,16,1111
2007,3,14,1310
2007,5,31,1288
1998,3,8,941
1998,3,15,953
1998,3,23,975
2000,12,23,990
2001,7,13,1335
2001,11,1,963
2002,12,20,1041
2003,2,2,1211
2003,12,28,1261
2005,8,14,1298
2008,1,28,1211
2008,2,22,1209
2008,4,1,1214
2008,5,12,1257
2008,12,14,1019
1998,3,2,985
1998,6,6,901
1999,3,4,1017
1999,6,28,1059
2000,2,11,1080
2000,12,22,1166
2002,4,11,1020
2002,6,12,1047
2002,12,7,863
2003,5,28,1218
2004,1,7,1213
2004,4,4,1260
2004,5,14,1284
2004,10,3,1266
2006,7,22,1219
2006,8,30,1313
2008,4,22,1219
1998,2,12,975
1998,8,24,1013
1999,2,9,907
1999,2,10,933
1999,10,22,1108
2000,2,1,1116
2001,11,27,972
2002,1,5,839
2002,3,14,998
2002,7,21,1044
2002,8,20,1069
2003,1,3,1327
2003,1,26,1213
2003,9,13,1058
2004,5,29,1107
2004,6,2,1270
2004,7,16,1342
2004,9,24,1297
2005,4,29,1279
2005,5,20,1298
2005,6,16,1317
2006,6,19,1324
2007,12,18,1318
2008,4,9,1184
2008,10,14,1073
1998,12,10,1011
1999,4,26,993
1999,10,7,1115
2000,1,23,1043
2001,12,24,836
2002,8,1,1067
2002,10,25,1016
2004,1,15,1265
2005,1,6,1270
2005,3,18,1284
2005,12,15,1268
2006,3,4,1122
2006,10,12,1302
2006,10,19,1319
2007,4,26,1278
2007,5,21,1294
2007,12,8,1117
2001,2,18,1229
2002,2,9,848
2002,3,1,991
2002,8,30,1077
2003,3,19,1218
2004,2,22,1211
2004,5,1,1120
2005,1,20,1250
2005,6,3,1290
2005,12,29,1275
2006,1,24,1204
2006,1,29,1212
2006,11,13,1290
2006,11,25,1217
2007,1,4,1282
2008,5,1,1232
2008,10,26,1092
2008,11,14,1078
1998,4,8,992
1999,3,25,1004
1999,12,17,1147
2001,3,13,1295
2002,5,6,1013
2002,10,12,893
2002,11,16,874
2002,11,25,1008
2003,3,4,1238
2003,9,11,1124
2003,10,7,1239
2003,10,28,1226
2003,12,9,1256
2004,7,1,1315
2005,1,24,1221
2005,2,15,1252
2006,7,30,1288
2008,7,21,1297
2008,8,13,1282
2008,8,17,1225
2008,10,17,1133
2008,12,31,915
1998,3,30,985
1999,1,28,1015
1999,4,28,1008
1999,6,23,1033
2000,4,15,999
2001,4,17,1304
2002,9,4,1043
2002,9,13,1032
2003,4,23,1194
2003,7,25,1263
2003,8,29,1270
2003,10,20,1243
2005,5,2,1294
2006,2,10,1266
2006,4,7,1285
2006,8,10,1347
2007,2,20,1284
2007,7,20,1369
2007,12,9,1285
2008,10,21,1067
1999,5,2,994
2001,4,21,1145
2002,6,25,1044
2002,6,26,1052
2002,11,22,1019
2003,10,22,1204
2003,11,19,1246
2003,12,31,1197
2004,2,1,1217
2004,5,27,1285
2005,2,12,1083
2005,4,30,1115
2005,5,3,1281
2006,1,19,1247
2006,2,17,1277
2006,4,10,1268
2007,7,16,1377
2007,7,26,1362
2007,8,4,1223
2008,12,2,1034
1998,8,30,973
1999,1,13,976
1999,3,9,966
1999,7,31,938
1999,11,2,1111
2000,7,17,1180
2002,8,3,971
2002,8,10,969
2002,11,19,1001
2004,4,27,1258
2004,7,19,1328
2004,7,22,1333
2004,8,31,1312
2004,10,6,1291
2005,1,4,1254
2005,4,19,1255
2005,6,9,1310
2005,7,14,1289
2005,7,15,1324
2005,11,20,1247
2006,5,13,1147
2006,6,24,1201
2006,12,4,1307
2007,6,11,1296
2007,10,19,1359
2008,9,14,1058
2008,9,19,1131
2008,11,10,1069
1998,4,21,982
1998,10,29,1019
1998,10,30,1027
1998,12,26,882
1999,3,21,985
1999,7,8,1031
1999,12,5,1076
2000,2,21,1093
2000,4,2,1100
2000,4,27,1120
2001,6,23,1241
2001,8,16,1345
2002,10,1,1014
2004,1,30,1263
2004,3,13,1127
2004,6,5,1147
2004,8,26,1320
2005,1,29,1083
2005,10,4,1259
2006,1,26,1245
2006,4,17,1269
2006,6,17,1208
2006,10,14,1075
2006,11,2,1296
2007,8,18,1241
2007,9,30,1311
2008,5,24,1079
2008,7,3,1310
2008,7,4,1023
1999,5,21,1040
1999,7,19,1031
2000,2,2,1130
2000,3,17,1158
2000,10,24,1148
2001,6,11,1335
2002,5,19,1003
2003,9,27,1064
2004,6,21,1299
2004,12,23,1304
2005,8,15,1321
2006,4,19,1271
2006,5,25,1294
2006,8,15,1336
2008,10,10,1135
1998,4,17,1002
2000,5,26,1142
2002,1,26,820
2004,5,3,1280
2005,2,17,1277
2005,5,11,1268
2005,6,14,1305
2005,11,6,1238
2005,12,2,1265
2005,12,6,1222
2006,2,6,1234
2006,8,13,1317
2007,1,25,1279
2007,5,11,1300
2007,6,3,1271
2007,8,31,1376
2008,8,11,1305
2008,10,2,1129
1998,5,31,986
1999,2,3,1014
1999,5,30,887
2002,5,30,1035
2002,8,21,1068
2003,4,12,1041
2003,9,29,1236
2004,3,12,1290
2005,2,27,1243
2005,4,22,1276
2005,7,10,1296
2005,8,31,1287
2007,10,5,1351
2007,10,27,1143
2008,11,29,1013
1998,3,11,976
1999,1,30,837
1999,5,20,1015
1999,7,7,1039
1999,10,25,1105
1999,11,8,1107
2000,1,10,1099
2000,12,16,996
2002,9,23,1033
2002,11,4,1007
2003,1,1,1198
2003,10,21,1231
2005,1,13,1264
2005,3,3,1275
2005,8,1,1320
2006,2,25,1112
2006,3,14,1261
2007,1,20,1096
2007,2,27,1266
2007,5,30,1281
1998,8,18,1008
1999,1,24,963
2000,5,28,1017
2000,8,1,1174
2001,2,23,1311
2001,6,28,1349
2001,10,17,1043
2002,5,9,1033
2002,8,8,1058
2002,8,14,1061
2002,10,13,987
2003,4,15,1194
2003,6,16,1257
2003,6,27,1261
2003,7,22,1249
2003,7,27,1230
2004,1,28,1216
2004,2,23,1237
2004,6,12,1187
2004,10,28,1296
2004,12,25,1143
2006,3,5,1242
2006,5,7,1272
2007,7,9,1373
2008,1,25,1204
2008,3,14,1249
2008,9,24,1103
2008,12,13,900
1998,4,3,985
1999,4,13,1021
1999,7,9,1056
1999,11,24,1154
2002,3,17,950
2003,7,1,1246
2003,12,1,1269
2004,4,21,1272
2004,7,20,1321
2005,5,17,1278
2008,3,2,1190
2008,6,5,1295
2008,6,12,1301
2008,11,27,727
1998,5,12,965
1998,6,30,1008
1998,11,13,1026
2000,3,23,1154
2000,6,27,1159
2000,8,18,1224
2001,7,14,1232
2001,8,1,1358
2002,8,11,1049
2003,3,14,1280
2003,5,21,1207
2004,2,13,1260
2004,3,2,1248
2004,10,4,1298
2006,1,10,1207
2006,2,20,1278
2006,7,21,1344
2007,5,14,1294
2008,3,4,1206
1998,5,7,959
1999,2,24,989
1999,5,11,1017
1999,7,27,1019
1999,10,30,922
2000,4,6,1150
2000,4,17,1089
2000,11,29,1136
2001,1,27,1140
2001,1,31,1321
2001,6,5,1315
2002,2,17,954
2002,5,5,999
2002,8,4,1050
2003,2,21,1280
2003,7,26,1156
2004,1,17,1084
2004,2,28,1099
2005,1,22,1029
2005,5,1,1264
2006,7,12,1348
2006,9,21,1314
2006,10,22,1233
2007,4,17,1265
2008,5,11,1232
2008,11,9,1029
1998,4,11,857
1998,4,22,980
1998,8,11,1019
1999,10,14,1105
2000,3,15,1129
2000,4,25,1131
2000,5,8,1108
2001,5,11,1326
2002,5,2,1010
2002,10,18,1025
2003,7,9,1253
2004,2,27,1259
2004,4,17,1113
2005,4,4,1273
2005,10,19,1262
2006,3,2,1274
2008,1,20,1161
1998,2,8,933
1998,4,5,952
1998,6,27,923
1999,7,20,1022
1999,8,15,1033
2001,3,7,1290
2001,4,10,1289
2001,4,16,1304
2002,1,31,936
2003,1,25,1060
2003,7,14,1268
2004,8,17,1325
2004,11,20,1129
2005,9,10,1152
2005,10,9,1257
2006,5,21,1280
2006,7,4,1217
2007,2,13,1183
2007,5,13,1269
2007,6,18,1315
2008,1,11,1229
2008,2,27,1180
2008,4,4,1238
2008,6,27,1329
2008,8,1,1321
1998,2,23,955
1998,5,13,987
1998,9,5,853
1998,10,22,1030
1999,1,31,955
1999,6,5,907
2001,2,28,1253
2001,6,22,1324
2001,9,3,1319
2001,10,21,1016
2003,4,10,1228
2003,5,11,1177
2003,6,5,1226
2003,7,11,1263
2004,1,22,1244
2004,3,10,1267
2004,3,22,1273
2004,6,27,1264
2004,7,9,1340
2004,9,8,1288
2004,10,30,1114
2004,12,30,1305
2005,1,14,1273
2005,1,18,1257
2005,2,10,1256
2006,12,31,1173
2007,3,25,1286
2008,2,23,1071
2008,12,19,1084
1999,3,24,977
1999,7,15,1055
2000,10,30,1146
2000,12,15,1159
2000,12,10,1094
2001,2,6,1300
2001,4,23,1321
2001,9,15,714
2001,10,8,1041
2002,8,2,1065
2003,9,22,1233
2004,4,12,1288
2004,6,18,1310
2004,9,20,1301
2004,12,19,1252
2005,3,9,1247
2005,4,17,1242
2005,9,13,1265
2006,12,22,1312
2007,6,8,1306
2008,1,4,1221
2008,6,30,1297
2008,7,15,1296
1998,1,25,944
1998,3,20,1010
1999,2,18,975
2000,6,25,1124
2000,7,2,1043
2000,9,10,1138
2001,3,14,1303
2001,6,9,1183
2001,9,27,1065
2001,9,22,951
2001,12,28,968
2002,6,23,1039
2002,11,29,827
2003,3,31,1266
2003,8,1,1266
2004,1,21,1235
2004,5,7,1290
2005,3,1,1257
2005,8,28,1278
2006,3,19,1254
2006,3,20,1275
2006,6,12,1329
2007,2,22,1297
2007,7,22,1340
2008,1,5,1150
1998,3,19,1000
1998,4,10,976
1999,8,14,954
1999,11,9,1132
2000,3,4,958
2001,4,30,1321
2001,5,26,1097
2002,9,25,1015
2002,10,20,992
2002,12,8,961
2003,6,3,1221
2004,3,28,1239
2004,6,19,1201
2004,9,30,1295
2004,9,7,1305
2005,2,24,1266
2005,6,19,1288
2005,10,28,1271
2006,1,15,1214
2006,2,4,1067
2006,6,6,1293
2007,1,2,1324
2007,8,13,1372
2008,10,28,1064
1999,2,20,841
1999,9,28,1101
1999,10,10,1060
2000,1,24,1086
2001,4,12,1304
2001,10,24,1020
2003,2,1,1046
2003,5,10,1033
2003,11,8,1086
2004,5,6,1278
2004,10,25,1307
2005,2,7,1249
2005,11,16,1250
2006,6,18,1292
2007,9,15,1164
2008,10,18,901
2008,11,4,1012
1998,2,21,855
1999,5,18,982
1999,11,28,1088
1999,12,30,1155
2000,6,9,1173
2000,6,11,1124
2000,9,25,1193
2000,10,29,1112
2001,2,9,1263
2001,3,25,1272
2001,7,12,1333
2001,10,11,1036
2001,11,18,936
2002,4,18,1020
2002,7,27,963
2003,9,21,1193
2003,11,28,1076
2004,6,14,1299
2005,6,18,1233
2007,2,21,1274
2007,3,20,1292
2008,2,28,1174
2008,2,29,1179
1998,10,7,1031
1998,11,24,1030
1998,12,3,997
2000,9,13,1160
2001,2,7,1295
2001,12,6,954
2002,4,6,874
2002,4,10,1015
2002,10,7,1003
2004,4,18,1245
2005,5,25,1292
2006,1,16,1252
2006,8,21,1354
2006,11,11,1118
2006,12,20,1286
2007,3,27,1307
2008,12,27,999
1998,5,17,966
1998,11,10,962
1999,12,25,879
2000,5,11,1105
2000,7,1,1039
2001,9,4,1319
2001,11,7,971
2002,4,8,1019
2002,6,9,1033
2002,9,17,1021
2003,5,9,1219
2004,7,29,1329
2004,10,10,1267
2004,11,9,1292
2004,11,28,1305
2005,2,23,1258
2006,3,31,1284
2007,2,10,1102
2007,11,18,1283
2008,4,7,1235
2008,10,25,905
1999,4,15,1017
1999,7,11,1025
1999,8,13,1050
2000,3,2,1114
2001,4,7,1150
2002,4,25,1015
2002,12,1,1000
2003,3,16,1239
2003,4,20,1187
2003,12,13,1090
2005,2,16,1260
2005,5,15,1273
2005,11,25,1106
2006,2,26,1249
2006,4,14,1285
2007,11,20,1334
2008,7,23,1298
2008,7,29,1284
1998,4,30,985
1998,6,8,1003
1998,10,19,1035
1999,4,27,1012
2000,8,31,1181
2000,8,20,1164
2000,11,12,1141
2001,8,22,1332
2001,8,27,1325
2002,7,1,1049
2002,7,25,1050
2002,7,28,1044
2003,6,24,1255
2003,8,30,1114
2004,11,8,1294
2004,11,29,1302
2005,1,5,1260
2005,6,8,1286
2005,6,21,1310
2005,7,28,1311
2006,3,15,1267
2007,1,1,1297
1998,1,12,941
1998,10,26,1035
2000,1,7,1133
2000,8,17,1187
2000,11,10,1168
2001,4,24,1308
2001,11,16,960
2001,12,10,946
2003,5,13,1209
2003,9,2,1249
2004,9,26,1240
2004,10,11,1306
2005,3,25,1279
2005,10,23,1247
2006,3,22,1271
2006,10,25,1286
2007,7,21,1229
2007,8,6,1370
2008,11,16,1032
1998,2,7,856
2000,1,6,1137
2000,3,10,1153
2000,5,7,1100
2000,5,12,1120
2000,7,25,1194
2000,11,27,1134
2001,9,9,1299
2004,1,29,1249
2005,4,3,1234
2005,6,17,1317
2005,6,20,1320
2008,10,15,1111
1998,4,12,953
1998,7,15,1011
1999,6,18,1054
1999,9,24,1109
1999,10,26,1083
1999,10,24,1069
2000,11,8,1136
2002,1,14,936
2002,8,18,1050
2002,11,2,879
2003,4,17,1223
2004,2,14,1082
2004,3,21,1249
2005,2,28,1262
2005,6,2,1292
2005,12,18,1239
2007,1,11,1278
2007,6,28,1318
2007,8,1,1359
1998,1,13,977
1998,4,28,989
1998,6,14,993
1998,7,24,1033
1998,8,6,1021
1998,11,5,1016
1998,11,11,999
1999,1,20,976
1999,2,21,968
1999,9,8,1100
2000,4,30,1111
2000,6,24,1002
2001,6,25,1346
2001,10,31,919
2002,5,8,1026
2002,6,2,1006
2002,12,2,1010
2003,6,17,1245
2004,2,7,1088
2004,2,19,1254
2004,10,27,1272
2005,5,8,1276
2005,10,11,1253
2006,3,29,1261
2006,8,20,1319
2006,11,12,1258
2008,5,23,1275
1998,2,19,960
1998,4,19,978
1999,11,17,1121
2000,2,12,931
2001,2,2,1303
2002,9,8,996
2002,12,10,971
2003,8,16,1150
2004,1,18,1224
2004,3,1,1254
2004,11,21,1257
2005,12,14,1231
2006,12,5,1272
2007,7,3,1317
2008,3,26,1202
1999,5,3,989
1999,11,25,873
2000,5,17,1120
2001,1,20,1150
2001,8,14,1330
2002,4,20,888
2002,6,15,962
2002,11,7,997
2002,11,10,978
2002,12,12,988
2003,2,15,1072
2003,3,28,1274
2004,4,1,1278
2004,5,12,1272
2006,2,27,1241
2007,10,22,1320
2008,6,22,1289
2008,7,1,1293
1998,9,24,1031
1998,10,20,1030
1999,8,31,1114
1999,8,5,1033
1999,10,1,1110
1999,10,3,1058
2000,2,14,1073
2000,6,17,1007
2001,11,23,742
2003,8,14,1250
2003,9,5,1245
2004,6,7,1282
2004,6,10,1300
2004,6,28,1300
2005,9,28,1272
2006,5,8,1297
2006,8,19,1234
2007,2,25,1217
2007,7,2,1355
2007,9,24,1336
2008,1,15,1161
2008,7,22,1288
2000,5,29,1137
2001,1,4,1322
2001,1,23,1310
2001,3,11,1262
2001,4,3,1302
2001,11,5,952
2001,12,13,942
2002,3,18,986
2002,4,3,998
2004,2,24,1238
2004,6,8,1276
2004,7,3,1196
2004,9,27,1291
2004,11,4,1300
2006,9,22,1319
2007,12,31,1197
2008,3,1,1078
1998,6,25,1006
2001,9,1,1139
2001,9,12,1
2003,5,4,1174
2003,9,28,1192
2004,1,4,1260
2004,2,4,1224
2004,4,8,1294
2006,2,9,1254
2007,3,24,1166
2008,4,19,1065
2008,12,8,1049
1998,11,26,793
1999,6,4,1038
1999,8,3,1057
1999,9,2,1099
2000,3,18,979
2000,8,11,1222
2000,9,28,1152
2001,3,20,1283
2001,10,18,1040
2002,5,18,902
2003,11,3,1248
2003,12,22,1300
2004,1,27,1196
2004,7,28,1308
2004,8,7,1238
2006,2,11,1080
2007,1,8,1304
2007,4,23,1287
2007,7,27,1373
2007,11,23,1137
2008,1,3,1293
1998,4,23,972
2000,1,13,1105
2000,7,5,1196
2000,8,27,1170
2000,12,19,1164
2001,4,28,1164
2001,6,12,1324
2001,8,29,1339
2001,9,8,1215
2001,9,14,671
2001,11,30,966
2001,12,31,883
2002,1,24,944
2002,1,2,960
2002,3,11,997
2002,5,15,1011
2004,2,9,1252
2004,3,20,1117
2004,4,30,1284
2004,7,17,1235
2004,9,6,1281
2004,12,6,1283
2005,10,20,1269
2006,3,12,1243
2006,6,26,1332
2007,2,17,1146
2007,5,2,1263
2008,1,16,1214
2008,2,9,1028
2008,2,26,1220
2008,6,10,1268
2008,6,23,1297
1998,5,24,860
1998,7,1,1007
1998,8,8,932
1998,11,30,988
1998,12,15,1028
1999,12,12,1070
2000,8,29,1155
2001,11,4,943
2004,11,25,1015
2005,12,17,1151
2006,2,22,1259
2007,1,9,1261
2007,5,6,1262
2007,6,16,1205
2007,7,19,1359
2007,12,22,1257
2008,8,31,972
2008,11,11,1014
2008,11,30,1070
1998,4,27,1004
1998,5,27,977
1998,11,19,1027
1998,11,29,996
1999,3,10,1011
1999,8,7,924
1999,8,26,1053
2000,7,11,1189
2000,9,4,1188
2001,4,9,1296
2001,8,7,1346
2002,2,16,861
2003,1,29,1249
2003,10,5,1203
2004,4,10,1122
2005,6,11,1231
2005,9,25,1264
2006,4,13,1281
2006,5,23,1276
2007,5,23,1287
1998,1,29,992
1998,2,20,992
1998,7,19,1018
1998,9,23,1034
1998,10,31,896
1998,12,31,936
1999,3,22,1015
1999,8,10,1019
2000,10,11,1150
2001,8,28,1324
2001,10,6,949
2001,12,11,943
2002,4,30,1014
2002,10,2,1012
2002,12,4,981
2003,2,25,1231
2003,8,31,1097
2003,11,17,1253
2004,5,8,1116
2004,7,10,1243
2004,12,26,1274
2005,3,5,1125
2005,4,28,1267
2006,11,20,1266
2007,3,31,1164
2007,6,5,1263
2008,3,30,1191
2008,7,13,1288
2008,9,4,1117
2008,12,28,1060
2008,12,30,1061
1998,10,27,996
1998,12,24,949
1999,2,27,857
1999,5,17,997
2000,4,28,1144
2001,1,28,1267
2001,2,19,1283
2001,10,22,1032
2001,11,6,959
2002,3,20,992
2002,4,13,882
2002,6,7,1062
2002,8,16,1074
2002,12,27,1010
2003,4,30,1188
2003,10,11,1071
2004,8,9,1333
2004,9,21,1283
2006,1,21,1073
2006,9,14,1310
2006,11,4,1122
2006,11,27,1321
2006,12,17,1300
2007,1,17,1232
2007,3,8,1308
2007,3,28,1305
2007,10,29,1334
2007,12,10,1307
2008,2,18,1248
1998,2,28,896
1998,5,23,860
1998,8,9,1020
1998,9,26,887
1999,1,16,826
1999,6,16,1047
1999,10,16,962
1999,11,3,1111
2000,9,7,1158
2000,10,7,1025
2000,12,11,1073
2001,5,20,1265
2003,9,3,1239
2004,1,26,1237
2004,9,19,1260
2005,11,7,1267
2006,5,12,1298
2006,6,25,1281
2006,9,8,1319
2008,8,15,1314
2008,12,5,1066
1998,1,30,1002
1998,5,4,992
1999,1,8,974
1999,8,18,1035
2000,2,23,1082
2000,9,22,1180
2001,10,13,941
2001,11,20,973
2002,10,23,998
2004,1,24,1087
2004,2,10,1228
2004,3,15,1271
2004,5,16,1226
2004,5,18,1269
2004,10,2,1119
2005,1,8,1064
2005,2,9,1250
2005,10,15,1120
2008,4,11,1244
2008,10,6,1117
2008,10,1,1092
1998,2,26,987
1998,8,16,1016
1998,9,30,1008
1998,12,20,956
1999,10,21,1106
2000,7,4,1082
2002,6,4,1019
2002,9,1,915
2003,10,15,1235
2004,6,30,1283
2005,10,31,1265
2006,4,2,1242
2006,11,18,1103
2008,7,20,1283
2008,9,8,1118
1998,11,7,879
1999,4,29,1004
1999,9,6,1088
2000,2,18,1099
2000,6,20,1148
2000,12,25,978
2001,2,21,1280
2001,4,5,1307
2001,12,3,935
2002,1,30,919
2003,5,23,1225
2003,5,25,1116
2003,6,23,1265
2004,1,5,1292
2004,9,16,1288
2004,10,14,1300
2004,12,17,1303
2005,2,8,1242
2005,2,19,1108
2005,4,7,1268
2005,4,11,1257
2005,9,23,1273
2006,2,18,1096
2007,11,30,1323
2008,3,13,1243
2008,6,16,1294
2008,7,26,1158
2008,8,6,1295
2008,9,2,1104
2008,10,3,1134
1998,5,14,1004
1998,7,2,1013
2000,1,11,1090
2001,6,1,1317
2002,10,27,972
2004,4,5,1290
2004,5,22,1113
2005,4,25,1274
2008,3,10,1233
2008,6,25,1303
2008,8,30,991
1998,2,11,981
1998,3,7,872
1998,5,28,970
1998,8,23,1023
2000,3,29,1135
2000,7,14,1194
2001,2,11,1248
2002,1,21,947
2002,5,29,1028
2003,1,6,1289
2004,9,11,1161
2005,7,13,1303
2006,12,10,1251
2007,2,1,1269
2007,5,26,1122
2008,1,9,1208
2008,9,17,1079
1998,1,23,998
1998,12,5,867
1998,12,28,955
2000,1,20,1090
2000,4,26,1110
2000,6,22,1163
2000,12,9,986
2001,1,9,1296
2001,9,10,1304
2002,7,23,1064
2002,8,7,1049
2002,10,5,897
2002,11,15,1013
2003,4,16,1208
2003,9,23,1217
2003,10,19,1190
2004,2,17,1239
2004,5,24,1270
2004,6,1,1265
2006,5,30,1286
2006,8,26,1217
2008,8,24,1232
1998,2,16,990
1998,6,7,984
1999,1,9,843
2000,2,3,1090
2000,5,31,1103
2000,10,15,1131
2001,5,16,1325
2002,4,4,1006
2002,7,18,1056
2002,10,31,996
2003,2,11,1223
2003,3,1,1075
2003,3,3,1262
2004,7,4,1059
2004,11,3,1280
2005,3,8,1241
2005,7,7,1313
2005,12,28,1276
2005,12,31,1132
2006,7,13,1344
2006,7,15,1229
2006,8,18,1349
2006,12,29,1308
2007,1,29,1264
2008,5,21,1238
1998,2,14,844
1998,4,25,891
1998,10,12,1040
1999,12,24,1056
2001,9,7,1314
2001,11,10,859
2002,1,25,954
2002,3,21,1007
2002,12,6,998
2003,2,4,1242
2004,10,16,1126
2004,12,20,1288
2005,1,16,1220
2005,7,12,1313
2005,12,7,1212
2006,2,13,1252
2006,11,16,1291
2006,11,1,1289
2008,5,22,1243
1998,9,7,976
1999,1,7,994
1999,2,2,1000
1999,2,19,1004
1999,7,2,1052
1999,8,17,1044
1999,11,20,973
2000,6,26,1151
2001,1,24,1300
2001,9,19,1058
2001,11,29,972
2002,3,31,957
2002,9,21,914
2003,2,9,1217
2004,2,15,1217
2004,8,27,1341
2004,11,2,1286
2004,12,3,1301
2005,10,16,1256
2006,6,1,1295
2006,7,18,1294
2006,12,3,1249
2007,3,15,1312
2008,6,14,1160
1998,3,9,905
1998,7,7,1038
1999,6,10,1029
1999,6,20,1018
1999,7,16,1057
2000,2,19,941
2000,8,2,1173
2002,4,1,1007
2003,9,16,1222
2003,10,14,1233
2004,12,24,1186
2007,3,16,1207
2008,3,7,1224
2008,9,7,1083
1999,2,23,1001
1999,3,19,1007
1999,4,21,1025
1999,5,29,858
1999,10,27,1068
1999,11,21,1078
2000,1,28,1115
2000,2,10,1078
2000,12,21,1143
2001,12,4,937
2002,5,20,1022
2002,9,26,1029
2002,12,31,890
2003,3,12,1252
2006,9,13,1291
2007,7,17,1367
2007,7,24,1348
2008,2,12,1179
2008,9,29,1119
1998,10,2,1010
1998,12,12,888
1999,1,12,979
1999,7,14,1041
1999,9,3,1127
2000,5,22,1141
2000,10,3,1166
2000,11,6,1156
2001,1,25,1274
2001,3,10,1139
2001,12,20,958
2002,1,16,934
2002,5,16,1030
2002,9,29,992
2004,3,16,1206
2004,7,14,1323
2006,1,6,1253
2006,4,8,1135
2006,7,8,1233
2006,12,1,1278
2007,1,13,1074
2007,4,30,1278
2007,9,9,1308
2008,2,16,1067
2008,2,19,1231
2008,4,10,1210
1998,5,10,973
1998,7,16,1025
1999,3,14,964
2000,2,26,936
2001,1,13,1186
2001,8,8,1340
2001,11,12,940
2001,11,14,966
2003,1,2,1317
2003,1,15,1238
2003,10,16,1249
2004,6,3,1283
2006,1,1,1209
2006,4,20,1279
2006,10,20,1318
2007,4,9,1301
2007,5,17,1288
2007,10,6,1145
2007,12,2,1276
2008,2,5,1188
2008,11,2,1038
1998,4,14,995
1998,10,14,1033
2000,4,7,1156
2000,6,14,1141
2000,9,9,1017
2001,1,3,1321
2001,5,9,1316
2001,8,23,1344
2001,9,25,1061
2002,7,6,954
2002,10,9,1003
2003,4,25,1225
2003,6,11,1238
2004,3,31,1256
2004,4,9,1297
2005,1,19,1245
2005,4,23,1110
2005,7,6,1314
2006,10,5,1302
2007,3,11,1291
2007,9,1,1162
2007,10,8,1339
1998,1,9,956
1998,2,2,952
1998,12,2,962
2001,5,4,1303
2001,6,15,1319
2002,1,6,934
2002,1,7,937
2002,9,22,997
2003,4,29,1194
2003,9,14,1190
2004,1,16,1261
2004,5,30,1122
2004,10,8,1278
2005,11,10,1265
2005,11,15,1209
2006,10,13,1309
2008,3,21,1239
2008,7,27,1274
2008,12,10,1030
1998,7,9,1003
1999,2,6,817
1999,3,1,998
2001,5,12,1168
2002,2,5,961
2002,9,9,1022
2003,1,24,1261
2003,6,14,1139
2006,9,1,1358
2008,4,28,1245
2008,4,2,1222
1999,1,29,1017
1999,4,6,1007
1999,4,30,1022
1999,4,11,964
1999,6,29,1036
1999,11,7,1062
2000,2,27,1071
2001,11,26,977
2001,12,26,963
2002,2,15,993
2002,3,10,965
2002,8,17,968
2002,9,18,1022
2003,1,5,1261
2004,5,21,1277
2004,10,13,1288
2004,11,7,1262
2006,3,1,1261
2006,4,11,1263
2006,6,9,1340
2006,10,1,1284
2007,8,10,1375
2008,12,22,1077
1998,6,1,1008
1998,11,9,1006
1998,12,9,990
2000,6,15,1141
2000,8,6,1155
2002,3,12,985
2002,9,3,1052
2003,4,22,1196
2003,6,13,1255
2003,7,5,1125
2004,3,24,1272
2004,3,26,1288
2004,6,13,1266
2004,7,13,1332
2005,4,20,1263
2005,6,27,1310
2005,8,16,1309
2005,12,3,1098
2006,5,31,1278
2006,6,5,1302
2006,8,17,1353
2007,11,24,1269
2008,3,6,1212
2008,4,8,1181
1998,1,7,988
1998,9,3,983
1999,4,19,1024
1999,7,26,1026
1999,7,29,1043
1999,11,29,1120
2000,8,14,1202
2001,3,24,1162
2001,3,30,1325
2002,5,3,1020
2002,11,9,872
2002,11,21,1002
2003,1,12,1206
2003,5,16,1229
2005,6,4,1138
2006,2,8,1252
2007,10,7,1296
2007,12,26,1346
1998,1,11,904
1998,4,24,994
1998,5,2,865
1998,5,15,1005
1999,5,10,1007
1999,9,22,1076
2002,9,30,1029
2003,4,14,1215
2003,5,26,1196
2003,11,18,1243
2004,10,21,1293
2005,1,28,1271
2005,9,26,1276
2005,11,21,1276
2006,5,9,1278
2006,6,23,1325
2006,6,27,1327
2007,3,4,1280
2007,7,15,1353
2007,11,2,1331
2008,1,17,1205
2008,4,16,1235
1998,8,21,1041
1998,10,1,993
1999,4,25,987
1999,10,13,1100
2000,7,27,1178
2001,9,23,1047
2001,12,23,899
2002,1,19,816
2002,10,29,989
2003,8,24,1232
2004,3,29,1277
2005,10,1,1120
2006,7,9,1309
2006,7,16,1307
2006,7,26,1336
2007,2,7,1217
2007,2,24,1108
1998,3,22,957
1998,8,10,1040
1999,1,21,986
1999,2,12,955
2000,4,4,1129
2000,5,10,1116
2001,4,6,1305
2002,2,10,946
2002,3,25,1003
2003,3,2,1230
2003,3,25,1255
2003,12,24,1179
2004,3,4,1266
2004,8,11,1322
2005,3,14,1280
2005,10,2,1258
2006,2,5,1205
2006,5,24,1277
2006,8,29,1317
2007,8,11,1233
2007,9,8,1169
2008,5,30,1271
1998,1,16,980
1999,6,13,1002
2000,11,16,1160
2002,12,26,1000
2003,8,3,1235
2004,12,10,1273
2005,3,10,1265
2005,9,21,1237
2006,6,3,1160
2008,4,3,1225
1999,1,19,971
1999,1,23,823
1999,3,28,982
1999,4,7,981
2001,1,16,1266
2001,2,26,1285
2001,7,18,1353
2001,10,29,1023
2001,11,13,959
2004,11,23,1299
2005,9,7,1277
2006,8,1,1335
2007,1,26,1282
1999,7,4,865
2001,8,6,1351
2001,8,26,1305
2002,11,14,990
2004,1,11,1207
2004,4,26,1284
2004,7,30,1321
2006,1,20,1247
2007,2,16,1303
2008,4,21,1237
2008,4,23,1230
2008,7,16,1288
2008,12,17,1013
1998,1,8,946
1998,3,5,981
1999,5,6,1014
2000,2,15,1105
2000,2,29,1108
2004,6,4,1282
2004,9,13,1297
2005,1,17,1267
2005,7,30,1235
2005,12,23,1245
2006,3,10,1276
2006,8,9,1342
2006,12,26,1339
2008,4,6,1194
1998,1,21,984
1998,5,20,994
1999,12,27,1168
2000,2,20,1040
2000,9,3,1041
2000,9,20,1155
2000,10,2,1151
2001,3,1,1304
2001,5,7,1314
2001,5,21,1302
2001,10,19,1042
2002,1,13,911
2002,2,7,970
2002,9,24,1008
2002,11,20,1002
2003,7,8,1250
2003,8,27,1257
2004,6,15,1287
2005,12,13,1202
2005,12,21,1273
2006,4,30,1265
2006,5,1,1283
2006,10,16,1285
2007,4,3,1269
2007,4,29,1250
2007,7,11,1359
2007,7,30,1360
2007,11,25,1366
2008,4,15,1211
2008,5,7,1237
1998,4,1,996
1998,5,18,1006
1998,8,13,1038
1999,3,7,973
1999,4,8,982
1999,5,24,1008
2000,3,6,1076
2000,8,5,1015
2000,12,3,1098
2000,12,24,966
2001,6,27,1356
2002,11,23,883
2003,3,21,1274
2003,12,15,1275
2004,2,6,1242
2004,4,28,1261
2004,9,10,1306
2005,3,24,1270
2005,5,26,1288
2005,5,13,1299
2005,5,21,1149
2006,4,3,1270
2006,11,5,1262
2006,11,21,1302
2007,9,14,1345
2007,9,23,1302
2008,7,6,1284
2008,9,18,1118
1998,3,17,980
1998,3,18,966
1998,6,3,1004
1998,7,8,1029
1999,7,10,930
2000,9,12,1144
2002,1,9,937
2002,2,8,978
2002,5,26,902
2002,9,28,916
2003,6,8,1200
2003,12,11,1259
2003,12,14,1212
2004,12,13,1286
2005,1,31,1260
2005,4,13,1267
2005,5,24,1289
2005,11,28,1290
2005,12,22,1273
2006,5,11,1283
2006,7,1,1229
1998,8,25,1004
1999,1,2,826
1999,1,26,973
1999,7,17,938
1999,8,6,1044
1999,9,11,954
2000,4,10,1151
2000,6,23,1187
2002,10,30,996
2002,11,8,993
2003,1,7,1238
2003,1,28,1230
2003,4,11,1226
2003,12,25,1148
2004,5,23,1233
2004,10,19,1289
2005,7,23,1240
2005,7,25,1317
2005,7,26,1317
2006,11,6,1306
2006,12,27,1333
2007,3,19,1321
2007,9,21,1350
2007,12,30,1289
2008,1,12,1051
2008,1,19,1035
1998,1,24,890
1998,6,17,1029
1998,7,27,1041
1998,9,1,994
1998,12,25,864
1999,3,2,1004
1999,11,18,1136
2000,8,24,1202
2001,3,18,1258
2001,5,3,1319
2001,10,26,1020
2002,1,15,941
2002,5,23,1038
2002,6,20,1064
2003,6,28,1149
2004,7,6,1336
2006,2,16,1269
2006,3,26,1248
1998,6,4,1002
1998,6,5,1032
1999,9,1,1111
2000,1,5,1119
2000,7,22,1055
2000,10,9,1153
2000,11,4,1023
2001,3,5,1205
2002,10,4,1021
2003,7,19,1150
2004,6,29,1294
2004,11,27,1183
2004,12,2,1289
2005,5,30,1267
2005,5,12,1290
2005,12,12,1243
2006,1,17,1220
2006,2,14,1239
2006,12,15,1251
2007,3,9,1318
2007,6,13,1295
2007,9,10,1336
2007,9,28,1355
2008,6,19,1318
2008,9,25,1122
1998,11,27,841
1998,11,28,903
1999,2,7,912
1999,8,27,1058
2002,7,13,957
2003,4,8,1184
2004,1,10,1097
2004,3,19,1279
2004,8,4,1328
2004,12,27,1293
2006,2,28,1240
2007,1,28,1237
2007,10,28,1283
2008,12,29,1092
1998,3,16,983
1999,11,30,1131
2000,3,20,1120
2002,2,20,985
2002,8,31,926
2003,2,23,1237
2004,9,3,1305
2004,10,22,1308
2005,4,9,1124
2005,7,4,1229
2006,5,16,1265
2007,2,26,1285
2008,5,10,1078
1999,1,6,985
1999,1,15,997
1999,1,18,988
2001,2,10,1134
2001,6,6,1316
2003,2,28,1279
2004,4,22,1286
2004,4,29,1284
2004,6,25,1311
2004,11,10,1293
2004,12,16,1306
2005,4,24,1246
2007,1,3,1295
2007,9,3,1344
2007,11,19,1303
2008,1,6,1262
2008,8,22,1273
2008,11,12,1050
1998,5,21,1005
1999,1,5,993
1999,2,4,1000
1999,4,22,976
2000,3,30,1151
2000,9,14,1171
2001,6,17,1297
2002,12,17,971
2003,2,12,1212
2003,7,31,1263
2003,9,4,1236
2004,2,11,1242
2004,2,16,1263
2004,5,2,1249
2006,9,17,1276
2007,4,19,1289
2007,8,2,1372
1998,12,30,1010
1999,4,24,892
1999,8,23,1063
1999,12,7,1106
2001,8,21,1347
2002,7,17,1059
2002,12,18,985
2002,12,24,859
2004,12,11,1071
2005,3,20,1254
2006,10,8,1281
2007,4,14,1159
2008,5,5,1241
2008,8,19,1234
2008,11,8,895
1998,2,15,934
1998,3,1,954
1998,6,23,1006
1998,9,10,996
1999,1,14,972
2000,1,31,1109
2000,3,9,1140
2000,9,16,1010
2000,12,17,1099
2001,6,21,1328
2001,7,21,1217
2003,1,27,1270
2004,3,8,1278
2005,4,16,1125
2006,12,23,1220
2007,1,24,1266
2007,5,5,1127
2007,8,25,1233
2007,9,27,1343
2008,1,21,1222
2008,8,8,1327
2008,10,13,1130
1998,5,1,991
1998,8,2,1007
1998,8,19,1005
1998,12,21,994
1999,1,22,978
1999,3,5,1015
1999,3,11,1010
1999,9,15,1090
1999,9,29,1104
1999,12,19,1106
1999,12,2,1120
2000,9,19,1158
2001,4,1,1228
2001,7,17,1347
2002,1,12,828
2002,11,6,982
2003,6,20,1255
2003,11,23,1221
2004,3,18,1271
2005,3,29,1254
2007,8,8,1355
2007,12,7,1305
2007,12,27,1352
2008,1,18,1234
2008,2,7,1225
2000,1,1,820
2000,2,7,1078
2000,6,19,1179
2000,12,1,1100
2001,10,23,1027
2002,2,21,983
2002,3,27,993
2003,12,30,1288
2005,11,19,1117
2006,1,7,1130
2007,1,23,1252
2007,4,24,1228
2007,5,7,1294
2007,10,21,1293
2008,2,13,1204
2008,6,3,1214
1998,1,26,980
1999,9,30,1107
2000,3,13,1138
2000,6,18,1130
2000,8,22,1206
2001,9,13,168
2002,7,5,930
2004,3,3,1262
2004,3,17,1232
2004,11,12,1307
2005,5,22,1263
2006,2,7,1218
2006,4,21,1287
2006,7,20,1328
2007,3,22,1309
2007,6,24,1293
2007,7,18,1357
2007,7,28,1235
2007,9,7,1360
2008,4,27,1216
1998,1,19,996
1999,3,15,990
1999,4,4,977
1999,11,4,1109
2000,2,8,1094
2001,12,22,857
2002,11,5,979
2003,2,6,1252
2003,2,18,1233
2003,2,20,1276
2003,7,12,1154
2003,8,13,1268
2003,9,6,1097
2004,1,9,1252
2004,1,25,1224
2005,6,26,1294
2005,8,17,1317
2005,8,20,1229
2006,5,20,1151
2006,9,23,1111
2006,10,29,1281
2007,6,7,1301
2007,6,12,1300
2007,8,29,1354
2007,12,20,1351
2008,8,18,1303
1998,7,4,851
1999,1,10,972
2000,2,28,1123
2000,7,21,1204
2002,4,22,1015
2002,8,24,976
2002,11,3,970
2003,4,21,1218
2006,7,31,1329
2006,10,28,1121
2008,1,7,1230
2008,4,13,1205
1999,3,18,1010
1999,3,31,1004
2000,3,28,1108
2000,5,25,1146
2000,9,21,1171
2000,10,10,1160
2001,12,16,923
2002,5,7,1020
2002,6,3,1036
2003,5,6,1208
2004,3,5,1276
2004,3,7,1254
2004,5,28,1289
2004,10,15,1297
2005,5,19,1285
2005,6,10,1319
2006,8,22,1317
2006,9,3,1130
2007,5,22,1266
2007,6,17,1301
2007,8,15,1361
1998,2,6,949
1998,3,10,990
1998,8,15,952
1998,9,8,986
1998,9,19,915
1999,11,1,1119
1999,11,19,1118
1999,12,26,1105
2000,3,7,1099
2000,4,22,976
2000,11,21,1183
2000,11,13,1154
2000,12,27,1161
2001,1,10,1225
2001,3,29,1321
2002,5,14,1025
2002,10,26,888
2003,4,19,1040
2003,12,29,1293
2004,5,11,1260
2004,5,17,1270
2004,9,28,1286
2004,11,11,1298
2005,8,5,1315
2006,2,23,1277
2007,8,3,1374
2008,2,11,1219
2008,3,15,1071
2008,11,7,1077
1998,2,17,972
1998,5,3,969
1999,5,7,1024
1999,8,11,1035
2000,4,21,1109
2000,6,13,1143
2000,11,24,920
2001,1,15,1292
2001,11,17,851
2002,1,17,945
2003,3,13,1265
2003,4,2,1215
2003,4,27,1189
2004,2,5,1232
2005,3,26,1115
2006,3,16,1275
2006,10,23,1310
2008,11,21,1076
2000,7,9,1159
2000,10,17,1180
2001,1,1,1191
2001,7,9,1337
2001,7,28,1245
2001,8,5,1304
2001,9,16,906
2002,3,5,996
2002,12,3,974
2003,5,7,1211
2003,7,2,1268
2003,8,5,1261
2004,1,23,1238
2004,8,6,1340
2006,2,24,1251
2006,3,25,1129
2006,8,6,1320
2007,4,20,1290
2007,10,15,1336
2008,7,7,1309
2008,10,24,1137
1998,8,27,1039
1999,3,26,1031
1999,6,3,1024
1999,9,13,1100
2000,5,27,975
2000,7,12,1187
2002,11,27,1019
2003,6,7,1052
2003,7,3,1272
2003,10,29,1224
2005,2,13,1212
2005,4,8,1270
2005,5,6,1285
2005,7,8,1309
2005,8,26,1306
2005,9,4,1099
2006,6,16,1334
2006,8,2,1342
2006,9,12,1265
2006,12,7,1292
2007,6,29,1333
2008,9,12,1108
1998,1,5,1042
1998,7,5,1004
1998,7,6,1039
1999,5,28,1040
1999,11,14,1066
2000,4,29,987
2001,4,25,1299
2001,6,3,1279
2002,2,3,918
2002,2,23,864
2002,3,22,1006
2003,4,9,1198
2005,7,22,1318
2005,10,12,1262
2006,3,28,1239
2006,3,6,1278
2007,4,2,1289
2007,4,10,1282
2007,4,28,1119
2007,12,29,1238
2008,2,6,1184
2008,6,8,1275
2008,7,28,1299
1999,2,8,929
1999,2,13,813
1999,7,21,1023
2000,7,23,1172
2001,5,8,1303
2001,11,22,756
2003,5,8,1218
2003,8,22,1262
2003,10,23,1251
2003,11,15,1080
2004,8,22,1305
2005,3,31,1278
2005,11,11,1266
2005,11,18,1286
2006,11,3,1309
2006,11,24,1067
2008,5,3,1063
2008,5,6,1196
2008,12,23,1074
1998,3,14,891
1998,7,26,1015
1998,10,6,1003
1999,11,12,1126
1999,12,29,1163
2000,1,22,947
2000,11,22,1182
2001,6,4,1340
2001,11,9,971
2001,12,12,945
2002,7,31,1058
2002,12,5,972
2003,1,16,1252
2003,5,1,1208
2004,2,12,1259
2004,4,2,1280
2004,7,8,1330
2004,8,13,1324
2004,9,2,1331
2004,11,22,1298
2005,7,2,1236
2005,9,15,1295
2006,3,21,1251
2006,4,25,1264
2006,9,24,1286
2007,1,14,1200
2007,6,2,1129
2008,3,25,1155
2008,5,28,1258
1998,1,2,978
1998,2,5,971
1999,1,25,1012
1999,8,9,1050
1999,9,26,1055
2000,4,8,965
2000,4,9,1093
2001,2,17,1133
2001,10,12,1046
2001,12,29,841
2003,11,12,1132
2004,5,20,1270
2004,10,26,1284
2005,6,23,1323
2005,9,19,1283
2005,11,27,1275
2006,10,2,1304
2008,1,1,1277
2008,9,23,1068
1998,2,22,947
1998,4,15,994
1998,10,13,1021
1998,11,16,998
1999,2,15,985
1999,3,12,1020
2000,6,4,1115
2001,8,12,1316
2002,4,7,979
2002,12,9,987
2003,2,27,1264
2004,4,14,1274
2004,5,10,1273
2005,9,11,1270
2008,6,15,1280
1998,2,10,960
1998,10,3,891
1998,11,20,1038
1999,8,2,1059
1999,8,19,1044
1999,12,21,1159
2000,3,26,1101
2000,10,20,1191
2001,7,4,1208
2003,3,29,1081
2003,4,4,1228
2004,12,9,1271
2005,5,5,1289
2005,5,27,1302
2005,7,9,1236
2005,8,3,1311
2005,8,25,1293
2006,4,1,1132
2006,7,14,1357
2006,9,27,1295
2006,10,7,1126
2006,12,13,1273
2007,5,3,1281
2007,5,12,1134
2007,5,25,1295
2008,2,17,1188
2008,5,4,1212
2008,6,7,1148
2008,10,22,1105
1998,8,26,1023
2000,4,3,1148
2000,5,2,1131
2001,2,13,1253
2001,9,24,1065
2002,2,11,990
2003,2,24,1270
2003,3,20,1259
2003,7,6,1226
2003,11,21,1251
2006,2,21,1263
2007,7,5,1319
2008,4,5,1049
2008,6,26,1313
2008,7,8,1205
2008,7,14,1308
2008,8,20,1244
2008,10,7,1067
1998,6,16,1020
1998,10,4,995
1998,10,25,992
1999,5,13,1033
1999,9,4,947
2000,1,16,1070
2000,2,16,1083
2000,4,23,1103
2000,9,26,1174
2001,2,12,1255
2001,3,27,1330
2001,12,25,854
2002,2,4,940
2002,2,26,971
2002,5,13,1029
2002,9,11,887
2002,10,10,1019
2002,11,17,976
2003,7,20,1231
2003,10,18,1055
2004,6,9,1266
2005,2,4,1269
2005,5,31,1292
2006,6,11,1303
2007,5,27,1093
2007,6,20,1306
2007,6,23,1203
2007,11,29,1338
2008,1,26,1033
1998,9,11,1004
1999,2,22,1008
1999,4,3,830
1999,12,20,1149
2000,3,21,1141
2000,5,4,1146
2001,5,29,1334
2001,5,6,1275
2001,12,8,834
2002,2,27,977
2002,11,24,977
2003,5,29,1221
2003,8,10,1231
2004,5,9,1233
2004,9,4,1091
2006,1,9,1248
2006,5,3,1275
2006,9,30,1122
2007,9,5,1324
2007,11,13,1305
2008,9,28,1088
1998,3,29,957
1998,4,6,993
1999,4,10,871
1999,8,22,1029
2000,1,18,1083
2000,3,24,1166
2000,10,27,1177
2001,2,3,1157
2001,3,4,1172
2003,2,14,1279
2003,8,19,1243
2003,8,25,1254
2003,12,4,1244
2005,10,5,1258
2006,11,7,1221
2006,12,19,1330
2007,3,6,1290
2007,8,17,1378
1998,1,4,1000
1999,2,26,1013
2000,9,2,1006
2000,11,14,1163
2001,7,10,1335
2003,5,22,1220
2003,5,17,1044
2004,6,22,1293
2005,7,31,1295
2005,9,3,1192
2006,5,6,1145
2006,12,16,1190
2007,7,25,1344
1998,6,24,1004
1999,2,17,984
1999,3,8,951
1999,5,19,992
1999,7,18,1018
1999,9,18,943
2000,7,19,1176
2000,12,2,993
2001,1,17,1311
2001,7,19,1348
2001,7,27,1360
2002,9,7,914
2002,10,16,995
2003,4,13,1188
2004,4,16,1289
2005,10,18,1233
2006,1,22,1219
2006,7,25,1340
2008,12,4,1054
1999,5,9,1006
1999,9,5,909
2000,7,18,1173
2001,11,28,967
2002,3,6,991
2003,3,27,1269
2003,7,16,1257
2003,11,1,1074
2004,4,15,1285
2004,9,29,1294
2005,5,7,1146
2005,12,11,1213
2006,1,14,1073
2006,11,28,1289
2007,4,27,1281
2007,8,23,1358
2008,1,24,1221
2008,3,29,1064
2008,4,30,1236
2008,6,4,1251
2008,10,23,1134
2008,10,27,1109
2008,11,1,892
1998,1,20,998
1998,1,22,996
1998,6,19,1036
1998,12,6,969
1999,3,27,872
1999,4,16,1014
2000,12,12,1138
2001,3,19,1318
2001,9,21,1053
2002,6,6,1031
2002,10,28,1013
2003,3,15,1074
2005,3,17,1279
2005,7,1,1321
2006,1,11,1202
2008,1,23,1200
2008,9,9,1062
1999,4,18,992
1999,8,21,960
2000,5,23,1136
2001,1,26,1269
2002,1,28,939
2005,3,22,1263
2005,3,23,1250
2005,11,8,1246
2005,12,9,1235
2006,1,8,1219
2008,10,9,1130
1998,12,27,907
1999,3,6,840
1999,3,13,867
1999,7,22,1060
1999,7,30,1057
1999,8,28,943
1999,12,28,1155
2000,10,26,1153
2001,3,22,1316
2002,10,6,979
2004,4,7,1280
2004,6,11,1313
2005,4,15,1282
2006,6,8,1313
2007,2,3,1112
2007,4,25,1247
2007,5,9,1275
2008,2,3,1132
2008,2,21,1200
2008,11,26,1086
1999,5,27,1035
1999,10,18,1113
2000,11,9,1158
2001,5,23,1302
2001,5,28,1289
2003,11,6,1261
2004,2,25,1228
2004,7,2,1320
2005,1,7,1220
2006,3,11,1130
2007,10,11,1354
1998,8,20,1020
1999,4,9,1023
1999,9,9,1090
1999,11,26,888
2000,6,21,1155
2001,6,7,1339
2002,1,22,940
2002,3,4,992
2002,3,30,859
2002,5,27,1012
2003,1,13,1257
2004,3,27,1120
2005,2,22,1259
2007,10,16,1309
1998,1,6,976
1998,10,5,992
1999,6,26,923
1999,8,4,1031
1999,9,25,959
2000,3,8,1090
2000,3,22,1138
2000,12,14,1110
2001,2,5,1282
2002,3,2,865
2002,4,29,1008
2002,7,12,1065
2002,9,12,1015
2002,12,14,883
2003,11,20,1259
2004,5,4,1263
2004,5,26,1274
2006,4,23,1271
2006,9,25,1305
2006,10,10,1286
2007,4,7,1137
2007,7,7,1244
2007,11,6,1310
2008,2,4,1192
1999,12,23,1165
2000,10,6,1178
2001,1,7,1254
2001,6,29,1365
2002,5,24,1043
2003,2,13,1243
2003,4,5,1040
2005,6,12,1291
2005,6,1,1284
2006,9,2,1174
2006,10,17,1280
2007,2,23,1305
2007,4,16,1292
2007,8,22,1358
2008,5,2,1242
2008,8,26,1207
2008,9,10,1099
2008,11,13,1068
1999,6,2,1007
1999,7,23,1012
2000,2,9,1085
2000,8,15,1184
2001,8,24,1352
2001,12,18,943
2002,4,5,1008
2003,1,11,1101
2003,5,2,1214
2003,6,22,1227
2004,7,27,1314
2004,8,1,1289
2007,4,6,1292
2008,10,29,1080
1998,3,26,980
1998,4,18,895
1998,9,29,1001
1998,11,15,997
1999,8,25,1065
1999,9,19,1056
1999,10,2,943
1999,11,6,976
2000,6,29,1187
2000,12,28,1189
2001,4,8,1252
2001,5,2,1303
2001,7,20,1353
2002,5,31,1028
2002,6,14,1059
2003,5,24,1019
2003,5,27,1214
2004,2,8,1218
2005,4,14,1261
2005,8,21,1289
2006,2,1,1225
2006,10,24,1275
2006,12,18,1328
2007,7,6,1358
2007,10,2,1312
2007,12,6,1324
2008,11,22,883
1999,5,15,916
1999,9,10,1114
1999,10,8,1113
2000,4,19,1122
2001,1,8,1285
2001,6,30,1246
2002,8,28,1057
2002,12,22,976
2003,9,26,1244
2004,4,3,1116
2005,2,2,1248
2005,3,4,1289
2005,11,12,1110
2006,1,5,1276
2007,9,19,1325
2007,12,11,1266
1998,9,18,1032
1998,10,28,1004
1999,11,15,1129
2001,6,16,1245
2002,6,8,932
2002,6,13,1051
2002,7,10,1055
2003,2,5,1228
2003,8,23,1153
2003,11,14,1238
2004,10,17,1270
2007,10,10,1341
1998,6,10,986
1998,9,16,1001
1998,10,15,1040
1998,11,12,1021
1998,11,14,894
1999,7,13,1051
1999,9,17,1093
2000,6,1,1102
2000,7,13,1191
2000,8,13,1168
2000,11,30,1107
2000,12,5,1155
2001,3,8,1290
2001,5,17,1336
2001,10,1,1065
2001,12,14,948
2002,3,26,998
2003,5,5,1215
2005,9,12,1277
2006,4,15,1128
2007,5,16,1277
2008,12,20,955
1998,9,4,993
1998,10,8,1031
1999,3,20,870
1999,10,5,1094
2000,2,13,1030
2000,6,2,1123
2001,8,31,1342
2001,10,2,1064
2001,12,27,971
2002,6,18,1045
2003,3,8,1078
2004,10,20,1254
2004,12,12,1243
2007,6,9,1176
2008,3,22,1066
2008,11,25,1068
1998,1,1,919
1998,6,13,909
1999,5,8,907
1999,10,23,941
2000,11,7,1163
2001,11,21,976
2002,7,4,921
2002,9,19,1027
2002,11,1,1002
2003,7,23,1267
2004,8,18,1321
2004,12,8,1265
2005,6,30,1307
2005,8,11,1316
2005,10,8,1123
2005,10,29,1120
2005,11,14,1254
2005,11,30,1264
2006,4,4,1243
2006,11,29,1274
2007,10,17,1326
2008,4,26,1061
1998,3,21,901
1998,4,26,981
1998,7,10,1012
1998,7,25,940
1999,5,31,1011
1999,11,10,1110
1999,12,6,1115
2000,3,3,1131
2000,7,24,1190
2000,10,1,1139
2000,11,15,1139
2000,12,8,1131
2001,8,15,1338
2002,7,9,1058
2003,3,18,1231
2003,10,24,1233
2004,11,13,1122
2005,4,21,1255
2005,5,23,1287
2005,10,22,1122
2006,6,20,1322
2006,8,3,1334
2007,4,11,1271
2007,9,12,1325
2007,9,26,1335
2008,5,14,1262
2008,9,26,1133
2008,12,26,1089
1998,11,21,877
1999,1,3,937
1999,12,11,986
2000,5,5,1158
2000,7,10,1178
2000,9,18,1131
2001,11,24,851
2002,1,8,939
2002,1,4,956
2002,6,10,1038
2002,12,16,958
2003,1,4,1142
2003,7,4,1045
2003,8,11,1266
2004,3,25,1279
2005,7,11,1310
2005,7,29,1323
2005,10,17,1262
2005,11,9,1261
2006,4,26,1268
2007,8,9,1372
2007,9,25,1294
2008,4,20,1203
2008,8,16,1089
1998,12,11,1011
2001,1,18,1320
2001,7,16,1343
2001,9,6,1344
2001,11,8,972
2003,1,8,1243
2003,10,8,1243
2004,4,19,1292
2006,4,9,1267
2006,5,10,1273
2007,9,6,1333
2007,11,12,1357
1998,5,29,993
1998,7,29,988
2000,1,8,953
2000,8,21,1219
2000,12,4,1158
2001,2,15,1315
2001,5,1,1293
2001,5,10,1342
2001,6,14,1343
2001,6,26,1351
2001,12,2,915
2002,5,4,886
2002,10,21,1006
2002,12,25,857
2003,2,26,1248
2004,4,13,1273
2004,12,15,1267
2005,7,24,1291
2007,1,15,1267
2007,4,13,1293
2007,5,4,1287
2007,7,23,1372
2007,9,13,1349
2008,4,24,1245
1998,9,15,975
1998,12,17,1017
1999,1,1,898
1999,9,27,1091
2000,5,19,1116
2000,9,8,1188
2001,4,13,1320
2001,10,7,1030
2002,1,23,935
2002,2,25,978
2002,4,14,979
2002,8,9,1066
2003,6,25,1257
2003,7,13,1225
2003,12,2,1270
2005,11,5,1112
2006,3,24,1285
2006,6,7,1282
2006,8,5,1231
2006,9,6,1282
2006,9,18,1314
2007,5,15,1251
2007,9,11,1300
2007,12,12,1294
2008,3,5,1217
2008,3,18,1192
2008,7,19,1148
1998,3,12,988
1998,12,29,975
1999,5,4,997
1999,11,23,1133
2000,10,5,1174
2001,8,4,1236
2002,3,16,863
2002,5,17,1026
2002,6,29,967
2002,7,15,1056
2003,3,22,1076
2003,10,6,1250
2003,11,16,1212
2004,2,21,1093
2004,12,1,1279
2004,12,5,1268
2005,6,29,1301
2005,9,9,1297
2005,9,22,1283
2005,10,24,1252
2006,1,4,1253
2006,4,28,1279
2007,2,28,1289
2007,8,12,1334
2008,2,24,1196
2008,6,13,1319
2008,12,24,947
1998,2,24,961
1998,7,18,930
1998,8,3,1027
1999,4,2,986
1999,9,21,1085
2000,7,31,1195
2000,8,4,1160
2001,4,4,1307
2001,5,27,1120
2001,8,30,1340
2001,10,4,1058
2001,10,10,1036
2001,10,20,929
2003,1,17,1246
2003,8,2,1152
2003,11,26,1275
2004,1,3,1173
2004,10,23,1121
2005,3,21,1272
2007,4,12,1283
2007,4,22,1260
2008,3,9,1190
2008,7,11,1318
2008,9,22,1121
1998,5,5,979
1998,7,12,1003
1998,12,19,887
1999,12,8,1127
2000,5,14,1073
2001,5,22,1292
2001,9,5,1313
2003,2,17,1182
2003,3,24,1274
2003,10,10,1255
2004,7,18,1306
2004,7,24,1247
2005,1,10,1240
2005,3,16,1261
2005,6,13,1316
2005,10,25,1237
2006,9,4,1336
2006,11,19,1250
2007,3,5,1300
2007,7,4,1175
2007,8,21,1348
2008,2,14,1235
2008,5,9,1269
2008,9,3,1107
1998,8,29,907
1999,11,11,1126
2000,4,11,1121
2001,2,8,1297
2003,7,28,1273
2003,8,26,1249
2004,6,16,1290
2004,8,12,1329
2005,9,29,1285
2005,10,27,1257
2006,1,3,1277
2006,5,17,1283
2006,7,19,1325
2007,6,10,1270
2007,11,7,1330
1998,9,22,1026
1999,2,16,973
1999,3,17,987
1999,9,16,1029
2000,1,12,1118
2000,6,10,990
2001,3,6,1217
2001,4,18,1312
2001,6,10,1315
2001,7,29,1319
2002,1,1,911
2003,3,23,1239
2003,8,17,1231
2003,12,12,1258
2004,1,31,1082
2006,9,11,1273
2007,12,25,1174
2008,1,8,1199
2008,8,14,1309
2001,5,15,1312
2001,5,30,1330
2001,6,2,1168
2001,7,8,1315
2001,7,15,1324
2001,10,3,1039
2001,10,16,1041
2002,3,24,970
2002,12,15,967
2003,12,18,1295
2005,7,27,1314
2005,8,29,1298
2006,7,7,1349
2006,12,21,1284
2007,1,21,1226
2007,2,6,1202
2007,7,14,1241
2008,1,2,1322
1998,6,20,932
1998,7,11,933
2002,4,17,1017
2002,6,17,1052
2002,6,27,1049
2002,6,28,1058
2002,9,6,1040
2002,12,30,1003
2003,9,30,1231
2004,2,26,1242
2004,4,20,1276
2005,1,25,1248
2005,8,22,1309
2005,9,2,1300
2005,10,13,1266
2006,7,29,1211
2006,8,7,1299
2006,11,14,1266
2007,1,30,1240
2008,1,14,1209
2008,7,5,1141
2008,9,5,1123
1998,3,28,897
1998,3,31,957
1998,7,21,992
1998,8,22,939
1998,9,25,1023
1999,6,11,1033
2000,5,13,958
2000,6,3,1006
2000,9,24,1140
2001,3,31,1096
2001,10,14,1027
2003,6,29,1222
2004,5,15,1115
2006,9,19,1268
2007,6,27,1282
2007,10,1,1340
2000,3,27,1119
2000,6,30,1183
2000,8,8,1178
2001,1,21,1235
2001,10,15,1035
2002,1,27,913
2003,5,18,1184
2003,8,21,1268
2003,10,30,1232
2005,2,18,1264
2005,3,12,1133
2005,3,30,1265
2005,11,22,1286
2005,12,8,1221
2006,4,16,1265
2006,8,8,1349
2006,12,14,1309
2007,4,15,1252
2007,5,1,1256
1998,9,20,998
1998,10,21,1027
1999,5,16,1009
2000,5,6,982
2000,7,8,1056
2000,11,19,1126
2001,1,12,1260
2001,3,12,1321
2001,7,5,1328
2001,9,17,1003
2003,5,14,1217
2003,7,15,1257
2003,12,23,1299
2005,8,12,1323
2005,11,13,1236
2006,10,31,1268
2006,11,26,1324
2006,12,6,1284
2006,12,30,1193
2007,3,13,1268
2007,12,3,1321
2008,2,25,1237
1998,3,27,1006
1998,6,12,1029
1998,10,18,1003
1999,1,27,1006
1999,6,8,1031
1999,10,31,1055
2000,5,30,1166
2000,8,28,1199
2000,10,4,1141
2000,11,5,1118
2000,12,20,1172
2004,4,24,1119
2004,5,5,1261
2004,5,31,1248
2005,2,25,1279
2005,7,3,1129
2005,8,7,1297
2007,1,6,1169
2007,1,16,1243
2007,3,23,1314
2007,8,27,1375
2007,10,9,1312
2007,11,10,1161
2007,12,13,1286
2008,12,16,984
1998,2,4,961
2000,9,15,1180
2000,11,25,1002
2001,2,20,1299
2001,2,25,1229
2001,4,20,1316
2002,3,23,871
2002,5,12,994
2002,12,11,967
2003,11,13,1248
2003,12,8,1270
2004,3,30,1254
2005,3,6,1245
2005,9,1,1292
2006,11,9,1302
2007,10,24,1333
2008,7,18,1320
1998,11,18,1016
1999,10,17,1071
2000,6,28,1162
2000,8,30,1182
2000,9,30,1019
2001,3,23,1324
2001,12,30,891
2003,1,23,1262
2003,2,16,1183
2004,3,9,1258
2004,9,12,1268
2005,7,5,1310
2005,10,26,1248
2006,6,13,1314
2007,6,25,1320
2007,7,1,1341
2007,7,31,1357
2007,8,28,1337
2007,11,16,1337
2008,5,17,1095
2008,7,2,1302
2008,8,2,1153
1999,5,14,1043
1999,6,19,931
1999,10,4,1088
1999,11,5,1129
2000,1,15,967
2000,8,23,1185
2000,11,26,1144
2002,4,28,986
2002,6,21,1062
2003,3,30,1237
2003,12,10,1263
2004,5,25,1271
2004,10,18,1304
2004,11,19,1309
2004,12,7,1276
2005,1,11,1231
2005,10,3,1284
2007,12,19,1336
2008,4,29,1221
1998,2,1,945
1998,3,24,964
1998,5,22,1019
1998,6,28,1004
1999,2,5,1023
1999,11,27,981
2000,2,25,1111
2001,2,16,1341
2003,1,18,1044
2003,11,2,1208
2003,12,21,1272
2005,10,10,1266
2008,11,6,1089
1998,5,6,982
1999,3,23,1004
1999,4,23,1017
2000,5,24,1141
2000,7,29,1057
2000,12,26,1155
2002,1,3,954
2002,2,2,829
2002,3,9,865
2003,4,1,1219
2003,6,10,1232
2004,2,18,1246
2004,7,12,1332
2005,12,19,1270
2006,3,7,1251
2006,6,10,1185
2006,7,24,1344
2007,9,17,1342
2007,12,28,1355
1999,6,17,1048
2000,7,28,1198
2000,11,1,1158
2000,12,6,1160
2000,12,29,1166
2001,6,8,1326
2001,10,9,1046
2001,12,17,948
2002,3,19,987
2003,4,18,1228
2003,10,3,1256
2004,7,15,1341
2004,8,5,1323
2005,4,2,1131
2006,2,12,1162
2008,2,2,1032
2008,8,4,1304
2008,11,23,1024
1998,3,6,1000
1999,10,11,1105
2000,4,20,1127
2000,6,12,1153
2001,5,19,1168
2001,9,18,1020
2002,1,11,946
2002,2,6,973
2002,7,20,955
2002,8,15,1066
2003,8,6,1268
2003,12,7,1200
2004,9,22,1289
2004,11,14,1274
2005,1,30,1219
2005,5,4,1280
2005,11,26,1180
2005,12,16,1284
2006,5,28,1139
2006,6,14,1334
2006,7,23,1298
2006,8,24,1321
2007,8,7,1358
2007,10,18,1354
2007,12,21,1357
2008,8,5,1275
1998,8,14,1044
1999,9,12,1064
1999,11,16,1094
1999,12,18,987
2000,6,6,1151
2000,7,20,1176
2000,8,3,1164
2000,8,7,1164
2000,10,22,1132
2003,1,21,1251
2003,9,15,1240
2004,6,23,1301
2005,9,30,1291
2006,3,27,1281
2006,7,5,1342
2006,9,9,1127
2007,2,5,1270
2007,6,21,1316
2007,8,5,1345
2008,11,19,1045
2008,12,18,1077
2008,12,25,964
2008,12,1,1050
1998,6,22,1020
1998,7,31,1039
1998,11,2,1015
1999,5,23,1004
1999,6,27,1019
1999,8,20,1064
2000,6,16,1169
2003,3,11,1210
2003,8,8,1271
2004,11,1,1287
2005,6,28,1314
2005,11,24,994
1998,1,27,988
1998,4,9,987
1998,7,23,1013
1998,12,8,996
2000,4,5,1145
2000,4,12,1125
2000,7,6,1174
2001,4,19,1321
2001,7,22,1318
2001,11,11,939
2002,2,1,958
2002,3,28,1005
2002,5,21,1028
2003,12,16,1268
2005,1,26,1242
2005,2,1,1248
2005,2,14,1261
2005,5,14,1151
2005,6,25,1242
2005,8,6,1235
2005,12,24,1072
2006,3,18,1126
2006,4,27,1274
2006,6,2,1297
2006,10,6,1315
2006,10,15,1252
2007,2,14,1194
2007,12,15,1165
2008,2,8,1232
2008,3,28,1239
2008,6,24,1294
1998,3,3,992
1998,12,23,1008
1999,5,1,886
1999,6,15,1024
1999,7,12,1052
2001,6,20,1324
2001,7,30,1339
2002,1,18,956
2002,6,5,1029
2002,12,13,987
2003,10,2,1243
2003,12,27,1152
2004,4,6,1278
2004,6,24,1305
2005,11,2,1260
2006,3,17,1281
2006,5,4,1291
2006,8,31,1328
2006,11,30,1263
2007,2,12,1272
2007,10,31,1287
2008,1,10,1204
2008,5,18,1236
2008,8,10,1284
1998,11,17,1008
1999,8,24,1046
1999,12,9,1132
2000,1,4,1121
2001,5,18,1325
2001,9,2,1119
2002,3,7,1001
2003,6,4,1221
2004,6,17,1299
2004,12,14,1267
2005,1,21,1249
2007,10,30,1306
2008,2,10,1169
2008,7,24,1291
1998,1,14,976
1998,6,11,989
1998,7,30,990
1998,10,24,888
1998,12,14,1010
1999,2,28,955
2002,9,15,1000
2003,9,24,1228
2003,11,4,1227
2004,7,11,1296
2005,5,29,1177
2005,9,14,1272
2005,12,4,1222
2006,7,17,1347
2006,9,7,1307
2006,10,4,1299
2007,6,6,1279
2008,3,16,1205
2008,3,20,1235
2008,6,28,1158
2008,9,21,1090
2008,9,1,1208
2008,11,3,1063
1998,5,16,902
2000,6,5,1138
2000,6,7,1137
2000,6,8,1142
2001,1,11,1192
2001,7,24,1331
2001,8,25,1245
2003,6,6,1235
2004,1,2,1287
2004,8,16,1332
2004,11,5,1310
2005,11,4,1275
2006,1,27,1240
2006,6,29,1344
2006,7,3,1221
2006,10,21,1122
2007,11,21,1361
2008,4,14,1237
2008,9,13,873
1998,6,18,1034
1999,6,14,1040
1999,10,12,1105
2001,1,5,1320
2002,5,22,1030
2002,5,28,1038
2002,10,17,1019
2003,1,14,1186
2003,8,4,1261
2004,11,30,1297
2005,1,9,1194
2005,5,10,1281
2006,2,19,1228
2007,10,23,1304
2007,11,14,1340
2008,8,9,1159
1998,5,8,996
1998,7,14,1026
2000,3,11,970
2000,3,16,1136
2001,8,18,1223
2002,9,14,913
2003,4,28,1212
2005,1,27,1263
2005,4,6,1267
2005,8,19,1325
2005,9,27,1263
2006,1,23,1243
2006,2,15,1243
2006,4,22,1133
2006,5,19,1304
2006,10,27,1318
2008,10,16,1141
1998,5,11,983
1998,8,5,1029
2000,5,20,962
2000,10,19,1059
2001,2,1,1314
2002,10,11,1018
2002,12,29,967
2003,3,9,1238
2003,11,30,1279
2006,4,6,1280
2006,10,26,1293
2006,12,12,1264
2007,8,16,1367
2007,8,19,1341
2007,8,20,1373
2008,2,20,1232
2008,5,19,1255
2008,10,12,1098
1998,3,13,982
1999,9,23,1084
2000,12,31,972
2001,3,26,1329
2002,4,27,886
2002,8,5,1067
2002,11,26,1006
2002,12,23,1012
2003,10,27,984
2004,1,8,1236
2004,1,20,1245
2004,7,23,1336
2004,9,9,1285
2004,12,28,1230
2005,12,20,1256
2006,4,5,1251
2007,7,8,1350
2007,8,14,1367
2007,11,8,1336
2008,3,17,1236
1998,5,19,990
2000,9,1,1201
2000,10,18,1176
2000,11,17,1165
2000,11,11,1015
2000,12,7,1130
2001,7,2,1343
2001,7,31,1338
2001,8,19,1320
2001,9,26,1069
2002,4,16,1004
2004,7,26,1327
2004,10,29,1311
2005,2,20,1222
2005,3,15,1269
2005,9,18,1262
2006,3,30,1265
2006,4,24,1282
2007,1,7,1284
2007,2,9,1282
2008,1,13,1154
2008,3,24,1232
2008,4,18,1244
2008,5,25,1082
2008,11,18,1013
1998,4,13,1003
1998,8,7,1047
1998,9,21,1033
1999,5,26,1023
2000,1,19,1086
2000,3,5,1064
2001,7,1,1312
2002,7,2,1050
2002,9,27,1042
2003,4,3,1237
2003,8,7,1272
2003,9,7,1188
2003,12,6,1039
2004,7,25,1310
2004,8,20,1341
2004,8,29,1312
2004,9,1,1300
2005,11,29,1279
2008,6,9,1280
2008,7,30,1301
1998,11,23,986
1999,3,16,953
1999,6,1,1008
2000,3,19,1096
2000,5,3,1127
2000,7,16,1157
2000,11,2,1167
2001,9,11,82
2002,8,27,1051
2002,11,13,991
2003,4,6,1195
2003,9,9,1224
2004,1,6,1250
2005,2,11,1223
2006,12,25,1218
2007,7,12,1376
2007,10,4,1344
2008,2,1,1223
2008,7,10,1309
1998,7,3,942
1998,8,28,1031
1998,11,6,1003
2000,9,5,1190
2000,9,6,1191
2001,5,25,1331
2003,3,10,1268
2003,6,21,1147
2003,11,24,1252
2003,12,19,1308
2004,4,23,1292
2005,1,2,1283
2005,9,20,1256
2005,12,27,1273
2006,9,26,1278
2006,11,15,1261
2006,11,23,1044
2007,3,7,1301
2007,6,26,1303
2007,9,18,1313
2007,10,14,1299
1998,8,31,973
1998,10,11,1006
1999,8,1,1020
2000,10,8,1135
2001,2,14,1319
2001,10,5,1044
2002,2,18,989
2002,3,15,1002
2002,9,5,1029
2002,11,18,1010
2002,12,19,999
2003,1,10,1269
2003,6,26,1260
2005,11,3,1272
2006,6,21,1323
2006,7,6,1346
2006,10,30,1318
2007,4,1,1273
2007,4,4,1280
2007,9,2,1136
2007,10,26,1342
2008,5,26,1223
2008,6,29,1277
1998,2,9,978
1998,6,21,997
1998,10,23,1034
1999,6,30,1053
2000,1,27,1116
2001,12,15,837
2002,2,13,982
2003,12,20,1181
2004,12,22,1285
2005,3,11,1285
2005,7,17,1291
2006,3,23,1282
2006,5,27,1153
2006,12,9,1111
2007,2,15,1292
2008,3,11,1214
2008,3,12,1224
2008,6,11,1287
1998,4,2,977
1998,9,27,981
1998,11,4,991
2000,9,29,1188
2001,3,9,1323
2002,2,28,990
2003,4,24,1214
2003,9,18,1214
2004,10,1,1307
2004,11,24,1306
2005,10,6,1267
2005,11,23,1299
2006,5,18,1290
2006,5,29,1284
2008,8,29,1275
1998,3,25,975
1999,11,13,969
1999,12,13,1138
2000,8,25,1215
2000,10,14,1011
2001,11,19,953
2002,10,8,989
2002,11,28,778
2003,10,13,1247
2004,2,29,1218
2004,8,8,1304
2004,12,4,1103
2005,1,12,1235
2005,2,6,1216
2007,5,20,1267
2007,6,4,1285
2007,9,4,1344
2007,11,28,1322
2008,6,6,1301
2008,8,28,1260
1998,4,4,888
1998,6,15,1029
1998,10,17,905
1999,4,5,991
1999,9,7,1115
2000,1,25,970
2000,3,14,1053
2001,1,29,1291
2001,7,11,1335
2002,7,16,1060
2003,5,31,1039
2003,11,27,984
2004,1,19,1260
2004,1,1,1204
2004,3,23,1258
2004,10,5,1289
2006,8,11,1354
2007,1,31,1244
2007,8,30,1356
2007,11,15,1347
2008,8,7,1314
1998,1,17,881
1999,4,12,1015
2003,4,7,1205
2003,8,20,1260
2003,9,8,1239
2004,8,19,1337
2005,3,2,1261
2005,5,18,1280
2005,6,15,1301
2005,7,21,1307
2006,1,31,1206
2008,5,29,1267
2008,9,11,1119
1998,2,3,884
1999,6,21,1053
2001,12,5,941
2002,7,30,1062
2003,3,6,1269
2003,10,12,1206
2004,11,18,1303
2004,12,29,1276
2006,10,18,1292
2007,3,12,1304
2007,3,17,1124
2007,11,26,1361
2008,1,27,1143
2008,6,17,1289
2008,11,15,896
2008,11,17,1065
1998,5,25,995
1998,11,25,1041
2000,7,15,1048
2000,7,3,1029
2001,7,25,1343
2002,7,19,1065
2002,10,19,902
2003,9,25,1237
2004,1,14,1241
2004,2,3,1226
2005,3,27,1237
2005,6,7,1286
2005,8,27,1215
2005,9,5,1279
2006,1,13,1227
2006,9,10,1284
2007,3,21,1306
2007,5,24,1294
2008,1,29,1185
2008,4,12,1059
1998,4,16,1001
1998,9,17,1028
1998,12,22,1015
1999,5,22,914
1999,7,6,1044
1999,10,20,1098
2000,5,18,1097
2000,10,28,986
2001,8,2,1340
2002,2,12,972
2002,3,8,1003
2003,3,7,1275
2003,5,30,1224
2003,7,7,1264
2004,6,26,1205
2004,8,30,1333
2005,4,5,1260
2006,6,15,1329
2006,8,16,1346
2007,6,1,1295
2007,11,4,1292
2007,11,27,1320
2007,12,1,1120
2008,6,20,1322
2008,7,12,1158
2008,9,20,892
1998,6,2,1005
1998,11,22,997
1998,12,7,998
2000,1,9,1065
2000,1,29,943
2000,2,5,945
2000,5,21,1089
2002,9,2,1045
2003,3,17,1258
2003,7,30,1263
2003,8,18,1273
2005,8,18,1323
2005,8,23,1289
2006,9,20,1280
2007,5,19,1135
2007,6,14,1312
2007,11,1,1316
2007,12,16,1279
2008,3,27,1231
2008,6,21,1165
2008,9,6,886
1998,8,17,1029
2000,11,3,1167
2001,2,27,1301
2001,3,28,1326
2001,4,15,1241
2001,9,30,1013
2002,10,14,1024
2003,4,26,1042
2004,1,13,1227
2004,2,20,1263
2004,6,6,1247
2004,9,25,1096
2005,5,28,1138
2005,8,4,1320
2006,3,13,1274
2007,2,4,1230
2007,4,8,1259
1998,4,20,994
1998,9,28,1024
1999,4,1,1019
1999,12,16,1156
2000,8,16,1182
2002,1,10,948
2002,2,24,957
2002,5,10,1032
2002,6,16,1041
2002,7,26,1063
2002,8,13,1056
2002,8,29,1072
2002,11,30,874
2004,3,14,1233
2004,11,16,1274
2004,11,17,1282
2005,8,2,1316
2005,10,21,1270
2006,5,2,1255
2006,7,2,1280
2006,12,28,1332
2007,3,29,1304
2008,5,20,1216
2008,12,6,887
1999,1,4,1005
1999,12,3,1125
2000,7,7,1199
2000,10,12,1171
2001,8,13,1349
2002,4,26,1017
2002,8,22,1069
2003,2,7,1268
2003,10,4,1066
2003,12,3,1254
2004,5,19,1270
2005,3,19,1132
2006,10,3,1272
2008,3,23,1205
2008,12,11,1054
1998,9,2,986
1998,12,4,1017
1999,10,6,1075
2000,11,18,1034
2002,2,22,994
2002,3,13,990
2002,5,25,863
2003,3,5,1256
2003,5,3,1024
2003,12,17,1275
2005,9,6,1295
2005,10,30,1246
2007,3,1,1309
2007,9,20,1353
2008,5,8,1265
2008,11,24,1052
2008,12,9,998
1998,2,25,957
1998,3,4,993
1998,7,20,1029
1998,9,13,965
1999,7,1,1056
1999,8,8,1025
1999,10,15,1097
2000,1,17,1100
2000,4,18,1108
2001,5,13,1273
2001,6,13,1320
2001,6,18,1335
2001,10,25,1019
2001,12,1,846
2002,8,19,1064
2003,6,1,1189
2003,7,18,1272
2003,8,28,1265
2003,9,12,1241
2004,7,7,1322
2004,8,2,1329
2004,12,18,1143
2005,3,13,1253
2005,8,10,1317
2007,8,24,1368
1999,3,30,1006
2000,2,4,1110
2000,2,24,1105
2000,9,17,1148
2001,1,30,1290
2001,5,5,1175
2001,5,24,1311
2001,6,19,1321
2001,7,23,1336
2001,9,28,1054
2002,7,3,1062
2002,7,29,1056
2003,6,12,1249
2004,3,6,1111
2005,12,10,1069
2006,7,10,1351
2006,9,28,1270
2006,11,17,1314
2007,4,18,1272
2007,5,28,1249
2007,10,3,1338
2007,11,17,1144
2008,1,30,1211
2008,3,3,1215
2008,4,25,1247
2008,10,19,1095
2008,10,20,1127
2008,12,7,1017
1998,9,6,852
1998,12,1,1020
1999,12,4,981
2000,3,25,981
2000,7,26,1183
2001,3,15,1308
2002,8,6,1050
2003,1,20,1261
2004,9,14,1175
2004,9,18,1107
2004,11,6,1124
2005,10,14,1281
2006,5,26,1304
2007,6,19,1308
2007,10,20,1137
2008,10,30,1123
1999,1,17,937
1999,7,28,1030
1999,12,1,1124
2000,12,18,1132
2002,7,7,1050
2002,8,25,1047
2002,9,16,1019
2003,1,30,1261
2003,2,3,1254
2003,7,21,1272
2003,9,1,1235
2003,9,19,1232
2003,10,9,1248
2003,12,26,1268
2005,8,13,1241
2006,1,28,1077
2007,1,27,1102
2008,3,31,1229
2000,4,1,957
2001,7,6,1329
2002,6,24,1057
2002,12,21,927
2003,2,22,1079
2004,6,20,1256
2005,9,24,1106
2005,12,26,1280
2006,3,8,1256
2006,6,30,1345
2006,10,11,1301
2007,3,30,1314
2008,10,4,897
1999,1,11,986
1999,6,6,999
1999,8,30,1040
2000,12,30,930
2001,3,16,1327
2001,4,14,1153
2001,8,3,1350
2001,12,7,950
2003,5,15,1225
2004,4,11,1260
2004,8,21,1242
2005,3,7,1268
2005,6,6,1283
2005,8,9,1306
2006,3,3,1284
2006,4,18,1264
2006,5,15,1297
2007,12,4,1284
2008,9,27,891
1999,6,12,911
1999,12,22,1166
2000,4,14,1162
2000,10,13,1196
2001,7,26,1345
2003,6,19,1263
2003,11,10,1256
2004,7,21,1327
2004,10,9,1118
2004,10,31,1256
2005,4,26,1257
2006,1,12,1228
2006,6,4,1273
2006,7,27,1322
2006,8,12,1228
2007,12,17,1328
2008,12,15,1020
1998,4,29,970
1998,9,14,999
1998,10,16,1037
1999,2,1,1007
1999,2,11,931
1999,6,7,1022
1999,12,14,1144
2000,1,30,1035
2000,8,26,1072
2000,10,23,1181
2000,11,28,1153
2001,6,24,1322
2002,5,11,901
2002,7,11,1060
2002,7,24,1052
2002,8,26,1071
2003,1,31,1255
2003,9,17,1235
2003,11,25,1266
2004,8,23,1337
2004,8,25,1316
2005,6,22,1321
2006,5,5,1298
2006,10,9,1314
2007,1,5,1299
2007,5,29,1278
2007,9,29,1159
2008,1,22,1204
2008,5,31,1100
2008,7,31,1300
2008,11,5,1052
1998,12,16,990
1999,4,17,896
1999,8,29,1011
2000,7,30,1160
2000,10,25,1161
2000,11,20,1148
2001,5,31,1284
2001,10,30,1007
2002,4,21,987
2002,9,10,981
2002,9,20,1033
2003,9,10,1225
2004,12,31,1201
2005,4,12,1262
2005,7,18,1316
2006,1,25,1220
2006,8,28,1348
2007,2,19,1308
2007,4,5,1300
2007,7,10,1359
2008,3,8,1061
2008,5,27,1226
1998,9,9,979
1999,8,12,1039
1999,10,19,1081
1999,12,10,1134
2000,2,17,1124
2000,3,12,1095
2001,3,2,1301
2001,4,29,1248
2001,8,10,1345
2002,4,15,1000
2003,1,9,1249
2003,10,26,709
2003,11,9,1213
2003,11,22,1092
2005,2,21,1256
2005,4,10,1215
2005,11,1,1240
2005,12,30,1276
2006,12,11,1290
2007,11,5,1355
1998,10,9,1037
1998,11,1,986
2000,1,21,1122
2000,4,13,1151
2001,4,22,1258
2003,7,24,1261
2003,10,31,1237
2004,5,13,1273
2004,7,5,1301
2004,11,15,1300
2005,4,18,1260
2005,8,8,1320
2006,1,30,1240
2006,12,2,1107
2007,2,8,1275
2007,2,11,1234
2007,10,13,1151
2008,1,31,1201
2008,6,1,1233
2008,12,3,1040
1998,2,13,1000
1998,2,27,990
1998,6,29,1020
1998,7,17,1038
1998,12,18,1020
2002,7,22,1061
2003,5,20,1187
2003,6,2,1227
2003,9,20,1057
2003,11,11,1252
2003,11,29,1158
2004,12,21,1305
2005,7,20,1310
2006,6,22,1322
2007,5,8,1263
2008,5,13,1179
1999,5,5,997
1999,7,5,1025
2000,8,19,1078
2000,9,23,1016
2000,9,27,1175
2000,10,31,1148
2001,1,22,1293
2001,7,7,1234
2001,10,27,916
2002,11,11,1009
2003,8,12,1257
2005,1,1,1206
2005,2,3,1263
2005,2,5,1097
2008,3,19,1220
2008,6,2,1258
2008,8,12,1277
